10306937
17531988803111
208287719623
3007354847896
3509102536516
207548985689
516381954482
75655448676613
21935503898
5028505
10000
154587206176
55314600938666
628216164637
471018520387
56640674774272
62621276396
164592606492
89875725603
8164015
2547078030869
511185197567
377965100736
54927858166149
353637292363
174635283621070
18494546165460
449388094035
39258398
254084804490
270926574
268947086674
1016048
14997717120
1500572835454
827297353631
252591345279
10030539172
3509102536516
2541936605069
3509102536516
1287351133374
210641314
307639482581
95313870016
1006830
20288555298
158004166493
1270997940257
54875726037603
630268032326
18494546165460
26379743922
100561
10604160308
164990793345
2561880971265
197626232329
63781852494
101727906230
10217548597
10705676892
2139973015806
279226118932
3509102536516
1270271405540
6730824107
94959448583
1270398843
55913123927552
313236430685
56071770680203
244052375
1267609131674
49790327649
3995967748245
10438830645
1005690
406439242015
2667338491
10424143842
1052753261198
3509102536516
55237503872637
2556732916182
9945853
174635283621070
4763714616
476578513115
5125110
2126647
18261201
18494546165460
18494546165460
13618470759
50190212
26688421
1270967166319
7973080
62316885293
3831988255
55087716041199
11993227069749
1488710166918
27759771
5130255817683
629354983105
26100652180
125437116695
1290495042811
18494546165460
20203679642
1005311095
332667673057
174635283621070
10064622
1488710166918
102627167704
18494546165460
78574173
313905542144
2144909380429
756004258
174635283621070
2034512
1223106364619
166071821266
1272634916099
63915939814
3509102536516
474806458357
528228170653
192834275
2174455089652
3509102536516
13546270715
631155982725
1270068187975
55144889139029
981519711
73174824750532
20086
174635283621070
7904000650
55465647749734
1093647748
7865496644996
763724205889
528580212
16689819037
628437450708
30563490430
63447656959
64044654711
41612179001
505532634985
1269001323849
63193828795
3509102536516
3005904850549
725499950804
174635283621070
3074785516
1252474188406
736123450268
174635283621070
105518847
6659947846778
25392796
200304
3509102536516
1050061160
313736422699
2569415034650
1188982900191
307169265098
74509637138304
26100652180
760838106793
55121394574668
316079056404
101554
1333514596444
18494546165460
30443128810
51233698066
256079579375
20030774
1269978266224
10150915104
2339741803
3509102536516
25707084553
11461903742
762966935
1274557598345
174635283621070
793871860
254753889301
1006083348
208405834027
3509102536516
512733308272
100115809
5716873648
762678386405
50019170639
522895646415
822972559465
126978338652
84888822
787219507659
61651175308
5742667798
4782030
18494546165460
165339807433
1055051636
309828212581
1269001323849
18494546165460
10118006528
20948891093
55110171724747
17940434
10969393
1269691146308
3509102536516
174635283621070
5637953423
63674542753
211310482
829789655618
2133628537
55591390748263
2141040291306
503078987013
78833743252728
3436317261
3007870205470
1008388263
63546055375
51886243459
768707322035
33738377031
56564666692188
18727049
7865496644996
93996099310507
1270980622768
255719474802
18494546165460
93957682835
5147367180519
51036293341
3347116372
1489349087554
5231091511
1270271405540
3307265278982
55059837579196
30636391225
178193056
7432980891330
628719754008
226863389805
174635283621070
201292711641
25707084553
18494546165460
28077200
254224714561
250437827072
1268784885
52736863571
2574579065276
21058415164
2249262043639
101886054675
71783226490
30647986817
18494546165460
30671251837
94451496115
56103159192564
16015854203
473689546669
1018140572
20374884961
25667295196
2483096668
174635283621070
49945214
55938927757777
10505031013
12616633514
3509102536516
760870090880
2564045539937
700774452297
1007596
1495548432872
20338741
220671854
48080295
751318031940
3509102536516
174635283621070
79647959092
316079056605
9006951568
6116340514
313736422486
2731569
100486
103600289
314506792
10401472968
10120913505
102949474543
74509637138304
1267609131674
76962940
3509102536516
2172365215076
825110690149
409287325
351068863
2332133
1271201566165
216566300
417474896384
60037601778
205879658329
1272600551513
2152651186861
1157932106808
174635283621070
174635283621070
18494546165460
10153232966
18494546165460
43004003172
10040
396005223
101408023
124901974673
2540545271277
10299003123
7865496644996
3472124292
1488710166918
53032908917
5443843
9017701995005
628579560236
18788034487
79649509990418
767162712542
25141992591
1021149
21219817925
4017446142
12578020319
249999997717120
121145942097
10041822
1016048
54251151715442
174635283621070
3509102536516
511950358056
765553733034
18494546165460
313905542363
21644906
758486985171
954592212
1276456382543
307639039341
30058584461764
42580833890
2715153956
315876229284
9142687373
52962694701
18494546165460
2559741131337
3509102536516
2633780146
20017977715
174635283621070
55758369973515
1672121293481
21085485982
1000
34438338001465
1016048
10217234172
21057692766
256234354219
2045857402374
3105754588
18494546165460
965284606026
18494546165460
2640113202
518988568623
55098948874800
54905013832409
751460817686
20319642433
17744381
566773824
2961715648565
94201831789
353070367823
60147529790352
3509102536516
1016833
316935947826
311880622376
14351598449
98460862
243997717120
726956
165586341118
16760605987
56092747969810
129697118577
58175688
3509102536516
5084072945
174635283621070
250289529
528047752463
59548124942
509231593749
10
3509102536516
5157707939284
139972098098
164693159871
18494546165460
2082294295
6895802325
179999997717120
469797937898
2158963174863
89543798
18494546165460
762731741090
213662223
7227753673764
219995439960
22067186185
316935948029
280295208518
230702393
20748882638
2176932
174635283621070
526800058668
55839237424943
55709807548075
3509102536516
63629384768
120
3509102536516
3995967748576
3509102536516
210039558786
54416977189764
69598823059
174635283621070
73827772524
174635283621070
176238299190
3005900308791
12755475341
3509102536516
55304945858717
1966109079
63378080530
472266795693
174635283621070
3509102536516
834850396515
311880626080
3509102536516
174635283621070
94082614450
2149446415835
10084066
1173302918042
19533082115807
44146290398
174635283621070
12531937
48108322144
2557226756233
4
2538005043864
17961018
2504950800379
1503877801683
18494546165460
1000
4238410173
174635283621070
104412143483
8298286751829
104452396326
42466619661
45882772
15024704209824
523177520641
20494414917
98460862
174635283621070
3509102536516
184999997717120
30069941355621
42005993664
4595696217
2322387860473
254242508517
5449414514
74509637138304
18494546165460
174635283621070
52532692250
174635283621070
18494546165460
254573280384
55473621007842
309828212791
174635283621070
11235262940
38966966983
18494546165460
33664831
220254787411
1270613009879
152024319800
18494546165460
3509102536516
4028909237
28109449
1021149
81110735429
619792633
2083138660
10407249973
690012
5275804719
74924913354
18494546165460
45817647
79439422435024
100761136915
1088699041
3509102536516
1273537854503
54544099564762
18275679
1050988
174957896928
4984286196
20795250469
105065384623
164611201455
470422485017
102164
2535220622292
100761136915
3509102536516
26784674035936
10292579291
100486
1492544212778
157371460828
94736055667
5209956190
10145401
69428229224
834278848
8009264994
63511088114
642115190127
104154559879
1726939
12636444766
108826503
633512789478
51058320761
18494546165460
764266009076
56326719466485
252827495903
128071353405
18494546165460
4171352690
1007596
824066591993
18494546165460
139744088560
25944306234
1034831149
1012221108
76441820906
5561699
394719473363159
100486
831746201026
174635283621070
3276002782
174635283621070
592883371268
255183139213
759093919283
9019292211206
1000
253029831912
45469175544
2139732465385
2541963504188
240732933
106780665194
1538262099
48719584472
5036136554
5349129814
49720723
3023992279
212145027720
2545272165733
18751477
10223691
21871643
25048487541
63546740512
55785048818992
54678442044
1252474188406
5469014418327
5060718819
1332578757250
80460072460727
100486
8290703
307169265104
17668450713
519802612181
18494546165460
628672272266
2551369934438
